100
70100
70100
70100
70100
70100
70100
70100
70100
70100
70100
70100
70100
70100
70100
70100
70100
70100
70100
70100
70100
70100
70100
70100
70100
70100
70100
70100
70100
70100
70100
70100
70100
70100
70100
70100
70100
70100
70100
70100
70100
70100
70100
70100
70100
70100
70100
70100
70100
70100
70100
70100
70100
70100
70100
70100
70100
70100
70100
70100
70100
70100
70100
70100
70100
70100
70100
70100
70100
70100
70100
70100
70100
70100
70100
70100
70100
70100
70100
70100
70100
70100
70100
70100
70100
70100
70100
70100
70100
70100
70100
70100
70100
70100
70100
70100
70100
70100
70100
70100
70
